158220.0 star red 1.98892e+30 246.63515635558315 2.594315146083879 0.0028184328299484555 4.2006492289934956e-05
158220.0 planet green 5.974e+24 149517887915.1023 4707763476.317316 -938.3390398629192 29746.01480538244
758220.0 star red 1.98892e+30 5242.566425970808 262.5825472131906 0.013461663281177766 0.0010043998709117024
758220.0 planet green 5.974e+24 147854595712.0954 22477205760.461468 -4481.782948309351 29425.605793228377
858220.0 star red 1.98892e+30 6694.376032426144 379.75558456362154 0.015221630239270877 0.0012881041248611186
858220.0 planet green 5.974e+24 147371245668.15985 25414195416.061237 -5067.727622278309 29331.152317372154
2978220.0 star red 1.98892e+30 80331.88132153318 16404.939701995216 0.050387470295105104 0.015088882987170336
2978220.0 planet green 5.974e+24 122855158118.84435 83170141114.9494 -16775.468265708132 24736.46783547994
4978220.0 star red 1.98892e+30 210916.73221048148 73066.42633945351 0.07597402573747088 0.040804702335885
4978220.0 planet green 5.974e+24 79379627213.24559 123825868600.22333 -25293.983808130328 16174.916543373212
6878220.0 star red 1.98892e+30 371071.81907657225 183827.36428432434 0.08914687386725476 0.0733125897943538
6878220.0 planet green 5.974e+24 26059296552.096413 143494300354.94168 -29679.611712765363 5352.086358589519
8578220.0 star red 1.98892e+30 524615.002938995 338702.99321638775 0.08956491796382195 0.10524473688808049
8578220.0 planet green 5.974e+24 -25059737469.940697 142523656247.88443 -29818.790866522377 -5279.062954710591
10178220.0 star red 1.98892e+30 660274.646199277 533461.8538098014 0.0796125864519454 0.13410994429869605
10178220.0 planet green 5.974e+24 -70224815754.71475 125298713326.6504 -26505.367500167926 -14889.138000428955
11878220.0 star red 1.98892e+30 777273.8271408725 786745.3449195719 0.058877128273319326 0.15968115188815388
11878220.0 planet green 5.974e+24 -109177278251.92902 91565202590.45277 -19601.924667788786 -23402.543791996486
13678220.0 star red 1.98892e+30 853518.0035163129 1093343.3468382363 0.028050024582387582 0.17710426239513744
13678220.0 planet green 5.974e+24 -134561203139.21407 43057725861.950905 -9338.67674797493 -29203.208832095203
15878220.0 star red 1.98892e+30 863122.5895287576 1491034.61562548 -0.015769643524874536 0.1806070374181081
15878220.0 planet green 5.974e+24 -137758851818.8041 -23873373956.650246 5250.177335034069 -30369.385480686924
20378220.0 star red 1.98892e+30 605959.1481505092 2201505.2096032137 -0.08643432138097595 0.12514282426697637
20378220.0 planet green 5.974e+24 -52141591720.70811 -126489894508.07172 28776.52334801651 -11903.720462181904
22878220.0 star red 1.98892e+30 375332.45399783197 2444089.6795979226 -0.09253209479284165 0.07234215762077889
22878220.0 planet green 5.974e+24 24640806092.171497 -132853386985.78806 30806.651150883587 5675.171721607026
25978220.0 star red 1.98892e+30 133910.27582197572 2566916.494599139 -0.058185784220553906 0.014508671385418552
25978220.0 planet green 5.974e+24 105017337497.85007 -81490039964.06416 19371.75593437294 24929.637313042058
30678220.0 star red 1.98892e+30 104755.66829646745 2563097.056377315 0.04440594263558174 0.004109917612756177
30678220.0 planet green 5.974e+24 114723762338.76633 59653563160.835396 -14784.042086836514 28391.68775722078
32178220.0 star red 1.98892e+30 196516.84950246575 2586441.649593106 0.07287897943255518 0.025945520636812866
32178220.0 planet green 5.974e+24 84173770955.39932 96521462668.91174 -24263.552020923627 21121.97440492637
33578220.0 star red 1.98892e+30 314045.6195381616 2645218.362989358 0.09080388020209042 0.055013247816603196
33578220.0 planet green 5.974e+24 45044992699.72536 118616969061.93604 -30231.277772270136 11444.474581955403
34878220.0 star red 1.98892e+30 438240.1223398376 2740141.817133763 0.09750439413295796 0.08662393980815557
34878220.0 planet green 5.974e+24 3696996296.593537 125702164171.2618 -32462.07559071357 920.3471102717145
36778220.0 star red 1.98892e+30 616933.5623400058 2954656.374177741 0.08769490837979792 0.13363214010402258
36778220.0 planet green 5.974e+24 -55795296419.36481 110827969863.27583 -29196.209771467657 -14730.062955422258
39278220.0 star red 1.98892e+30 781035.8889314278 3356395.1378368433 0.04186421649010626 0.17925719241780236
39278220.0 planet green 5.974e+24 -110429779078.25517 51477340165.1063 -13937.826826498536 -29919.98244787671
41178220.0 star red 1.98892e+30 808858.1345293095 3711192.409421574 -0.008365052077182362 0.18888423911065685
41178220.0 planet green 5.974e+24 -119692621514.56912 -10101088592.895473 2784.9714391277867 -33125.108947433495
43478220.0 star red 1.98892e+30 713651.061034695 4122653.160135285 -0.06704038421065796 0.16454282190669037
43478220.0 planet green 5.974e+24 -87995391414.98627 -78640453224.55151 22319.712247114436 -25021.13648253341
45278220.0 star red 1.98892e+30 560754.0390740933 4378554.352358851 -0.0960745295515949 0.12183016367307736
45278220.0 planet green 5.974e+24 -37091483661.742256 -110269473518.70859 31986.03168994945 -10800.838488894704
46778220.0 star red 1.98892e+30 409763.9338725819 4524306.273948443 -0.10134646874977477 0.07780882837223936
46778220.0 planet green 5.974e+24 13177555514.252056 -114154567574.27808 33741.21503612352 3855.1565239179386
47878220.0 star red 1.98892e+30 302962.2813339557 4588767.026167992 -0.09264836305362618 0.04561688287820808
47878220.0 planet green 5.974e+24 48734961400.94847 -102879444592.10623 30845.36026860028 14572.80035250661
50178220.0 star red 1.98892e+30 144693.45432251575 4624429.997253997 -0.04303288429042751 -0.00475538358289585
50178220.0 planet green 5.974e+24 101427300774.83409 -46304694751.52687 14326.910649969352 31343.206815482637
51478220.0 star red 1.98892e+30 118713.24108141636 4609000.582731155 -0.0023522213502230275 -0.01474653182832739
51478220.0 planet green 5.974e+24 110076876556.46902 -2479789640.583979 783.1235500310399 34669.55341211867
52578220.0 star red 1.98892e+30 139624.47387752327 4594838.386831262 0.033670148420420196 -0.009800295092402477
52578220.0 planet green 5.974e+24 103114913193.08884 34971221184.52734 -11209.78098365288 33022.80597843676
53578220.0 star red 1.98892e+30 191714.1586635149 4593438.017933553 0.0637732559985035 0.005582527914818793
53578220.0 planet green 5.974e+24 85772727745.3897 65197445106.19341 -21231.98934056641 27901.412550997433
54778220.0 star red 1.98892e+30 288932.5169058518 4620391.481002737 0.09171929130748811 0.036199995971201125
54778220.0 planet green 5.974e+24 53405881900.8385 91935845881.62651 -30536.04500624197 17707.958488945213
56278220.0 star red 1.98892e+30 442605.54265736195 4716840.5722183 0.10695108475102777 0.08717764206871188
56278220.0 planet green 5.974e+24 2243619701.693229 104465111616.40063 -35607.156257618735 736.0033707227342
