0 star red 1.98892e+30 0.0 0.0 0.0 0.0
0 planet green 5.974e+24 149600000000.0 0.0 0.0 29760.0
1471000.0 star red 1.98892e+30 21697.260036979216 2073.132343183785 0.02599800633214617 0.0035959613827936483
1471000.0 planet green 5.974e+24 142376345089.9316 43086753374.62251 -8655.49962405962 28562.798876219287
2271000.0 star red 1.98892e+30 49290.99561189455 7377.808612385012 0.03949170955923497 0.008741319305593898
2271000.0 planet green 5.974e+24 133189580349.44608 65128670896.32662 -13147.949611073589 26849.75815311653
2871000.0 star red 1.98892e+30 76829.7009084612 14675.688510997807 0.049029026779644526 0.014017793298310524
2871000.0 planet green 5.974e+24 124021136804.34273 80554992408.22 -16323.202534745666 25093.065040697056
3471000.0 star red 1.98892e+30 109832.06953321786 25602.4732116924 0.05790189789116503 0.0204432935463398
3471000.0 planet green 5.974e+24 113033679321.05666 94773144964.81435 -19277.24184025711 22953.827351826887
3971000.0 star red 1.98892e+30 141181.47868203867 37956.92639821356 0.0646861586624327 0.02661898356598461
3971000.0 planet green 5.974e+24 102596540579.12953 105539984765.3273 -21535.921440724076 20897.75882255471
4471000.0 star red 1.98892e+30 175703.07282306367 53642.37995258706 0.07083345573840041 0.03348260593193081
4471000.0 planet green 5.974e+24 91103288316.1621 115197836743.33794 -23582.53712541335 18612.6574171182
4971000.0 star red 1.98892e+30 213052.92950103027 72980.89165702304 0.0762717442825246 0.04097064960024527
4971000.0 planet green 5.974e+24 78668424415.268 123639478407.35086 -25393.10305296264 16119.667826762661
5471000.0 star red 1.98892e+30 252853.19078339735 96260.02364916207 0.08093504222924865 0.049011830709164574
5471000.0 planet green 5.974e+24 65417748876.31163 130769171878.75941 -26945.65185647761 13442.522542003408
5871000.0 star red 1.98892e+30 286184.14045414276 117889.52103707379 0.08406774473645479 0.055790498213874135
5871000.0 planet green 5.974e+24 54320897115.491585 135472077144.11505 -27988.620499034092 11185.705104195082
6371000.0 star red 1.98892e+30 329347.6285418731 148862.32275261392 0.08719239974734833 0.06462500546574863
6371000.0 planet green 5.974e+24 39950504626.79912 140040322074.1331 -29028.909893789092 8244.438253944292
6871000.0 star red 1.98892e+30 373752.92991397146 184367.08588703375 0.08939670898443598 0.07377666206109734
6871000.0 planet green 5.974e+24 25166676035.404106 143099743986.8699 -29762.789158574564 5197.583075567833
7371000.0 star red 1.98892e+30 418927.0669540786 224529.29464410618 0.09064516233861061 0.08315037645018294
7371000.0 planet green 5.974e+24 10126879476.68132 144608565506.60266 -30178.435935471956 2076.7983379146463
7871000.0 star red 1.98892e+30 464382.6820144523 269425.3351505164 0.09091196155989367 0.09264672849132224
7871000.0 planet green 5.974e+24 -5006629379.34116 144541355449.01825 -30267.261229612282 -1084.8160748176592
8271000.0 star red 1.98892e+30 500616.24670142186 308769.3835217325 0.0904078184644372 0.10026312978836686
8271000.0 planet green 5.974e+24 -17069846901.471659 143346566582.85165 -30099.417191209992 -3620.5396884296388
8771000.0 star red 1.98892e+30 545323.9965395388 362215.40779576206 0.08887571539726015 0.10971964399087894
8771000.0 planet green 5.974e+24 -31954369467.261375 140432815896.6945 -29589.33509673898 -6768.890915021586
9271000.0 star red 1.98892e+30 588916.0693001567 420334.3752214395 0.08634578860614056 0.11900594874494924
9271000.0 planet green 5.974e+24 -46467450377.04512 135963305235.11456 -28747.048187901757 -9860.574418782131
9771000.0 star red 1.98892e+30 630898.477753588 483003.9287393774 0.08283341199005263 0.1280156468843916
9771000.0 planet green 5.974e+24 -60444626778.31706 129978770855.65405 -27577.67488705315 -12860.167459207254
10171000.0 star red 1.98892e+30 663000.8054223116 536299.9674346688 0.07933379176380574 0.13495332131580237
10171000.0 planet green 5.974e+24 -71132434201.63107 124138954772.3198 -26412.5485629174 -15169.922971447213
10671000.0 star red 1.98892e+30 700881.9632932281 606683.8876926432 0.07412833980110871 0.1432008158475141
10671000.0 planet green 5.974e+24 -83744183868.96004 115586081206.95482 -24679.500769538194 -17915.756052132194
11071000.0 star red 1.98892e+30 729110.5887896543 665834.9676886471 0.0693288318071762 0.14939633418953058
11071000.0 planet green 5.974e+24 -93142322105.04172 107796949967.30766 -23081.603642103935 -19978.426012092597
11571000.0 star red 1.98892e+30 761446.2798087744 743066.7634161925 0.06258381334386415 0.15655644131217486
11571000.0 planet green 5.974e+24 -103907823039.38185 96964217600.64722 -20835.98895813162 -22362.2358979931
11971000.0 star red 1.98892e+30 784709.3657947762 807265.7701587644 0.05663328057337917 0.16175988839036934
11971000.0 planet green 5.974e+24 -111652787381.41042 87494483337.09912 -18854.881887848234 -24094.61620645687
12471000.0 star red 1.98892e+30 810229.102554946 890201.2636339427 0.048566375548143456 0.16753644701495107
12471000.0 planet green 5.974e+24 -120149057022.69545 74762822526.47787 -16169.172356078594 -26017.80217559031
12871000.0 star red 1.98892e+30 827596.3588072681 958431.0550535871 0.041663258059808826 0.1715264022671928
12871000.0 planet green 5.974e+24 -125931126541.50507 63951121697.827225 -13870.92186479997 -27346.175426391874
13371000.0 star red 1.98892e+30 845258.5278305823 1045681.7220775401 0.03255120233299891 0.17566533046391297
13371000.0 planet green 5.974e+24 -131811381180.58278 49782812916.89643 -10837.25097826385 -28724.14614433977
13871000.0 star red 1.98892e+30 858205.8194421341 1134654.0998207107 0.022997327621220094 0.1788042061168017
13871000.0 planet green 5.974e+24 -136121914697.83215 35041296087.14303 -7656.48557957769 -29769.170008341018
14371000.0 star red 1.98892e+30 866255.1458106902 1224829.8470332297 0.013110485252522923 0.18089199221385008
14371000.0 planet green 5.974e+24 -138801771778.67392 19899142229.43913 -4364.86547178573 -30464.255298622476
14771000.0 star red 1.98892e+30 869081.1514363447 1297474.7017568653 0.005038487041535767 0.18177861901903009
14771000.0 planet green 5.974e+24 -139742632024.56894 7617537198.147949 -1677.460268940639 -30759.439393928562
15171000.0 star red 1.98892e+30 868652.9735273122 1370260.8412718433 -0.0031116398890051987 0.18195280691047067
15171000.0 planet green 5.974e+24 -139600079027.1078 -4711105688.381989 1035.956278547064 -30817.431657243604
15671000.0 star red 1.98892e+30 863525.0965713649 1461003.477306628 -0.013313086010969661 0.18115553256088407
15671000.0 planet green 5.974e+24 -137892858231.12146 -20041993479.192764 4432.317212744848 -30551.99561784291
15971000.0 star red 1.98892e+30 858010.0357661708 1515103.6962500957 -0.019393153179510514 0.1801335471079809
15971000.0 planet green 5.974e+24 -136056732563.78525 -29125544778.3294 6456.550087343822 -30211.746654503746
16371000.0 star red 1.98892e+30 847847.477113437 1586581.2434591837 -0.027395567108729396 0.17813902859651673
16371000.0 planet green 5.974e+24 -132673318409.85236 -41018518865.22241 9120.788639754606 -29547.71288185203
16771000.0 star red 1.98892e+30 834535.5684069797 1657046.3398958852 -0.03521917011381027 0.17543018872627447
16771000.0 planet green 5.974e+24 -128241393156.34598 -52574418363.863945 11725.495785530544 -28645.860555986237
17271000.0 star red 1.98892e+30 813607.8711536508 1743275.4758875438 -0.04464887970605028 0.17106160365808548
17271000.0 planet green 5.974e+24 -121273948291.75098 -66402629471.41833 14864.922970364494 -27191.430322671466
17671000.0 star red 1.98892e+30 793581.3022370193 1810444.0998410268 -0.051835388050193665 0.16680594045909014
17671000.0 planet green 5.974e+24 -114606515508.0773 -76861036494.11018 17257.52259805677 -25774.595095060846
18071000.0 star red 1.98892e+30 770793.614040487 1875715.3896209542 -0.05863728072777995 0.16190319369724496
18071000.0 planet green 5.974e+24 -107019825048.10963 -86687765263.62694 19522.072377819895 -24142.326750640164
18471000.0 star red 1.98892e+30 745416.623311345 1938840.2516243118 -0.06499490735548584 0.15638642255889523
18471000.0 planet green 5.974e+24 -98571079751.6575 -95799885205.99683 21638.712945676743 -22305.631663180084
18871000.0 star red 1.98892e+30 717645.219176422 1999584.5042294618 -0.07085129968452096 0.15029429561060273
18871000.0 planet green 5.974e+24 -89325163931.09656 -104119430383.67264 23588.47789898517 -20277.383733819865
19271000.0 star red 1.98892e+30 687696.129591092 2057731.0627037755 -0.07615270610151505 0.14367088929344013
19271000.0 planet green 5.974e+24 -79354232686.02551 -111574126915.43231 25353.471747476615 -18072.25730390172
19671000.0 star red 1.98892e+30 655806.4779000952 2113082.0281355693 -0.08084911257847897 0.13656543522999195
19671000.0 planet green 5.974e+24 -68737231339.98312 -118098088443.15298 26917.0433527935 -15706.643026052145
20071000.0 star red 1.98892e+30 622232.1363986552 2165460.660136267 -0.08489474518045018 0.1290320171288381
20071000.0 planet green 5.974e+24 -57559347292.6038 -123632472902.28058 28263.95322803832 -13198.546954785506
20471000.0 star red 1.98892e+30 587245.8857268407 2214713.2135124016 -0.08824854928446224 0.12112921853685145
20471000.0 planet green 5.974e+24 -45911397227.95944 -128126094003.86423 29380.53308383873 -10567.473272901661
20871000.0 star red 1.98892e+30 551135.3908431159 2260710.6197452922 -0.09087464075322023 0.11291972314909358
20871000.0 planet green 5.974e+24 -33889153256.727783 -131535981048.5112 30254.8360373108 -7834.291222915161
21271000.0 star red 1.98892e+30 514201.00618715823 2303349.994935213 -0.09274272443960821 0.1044698698349123
21271000.0 planet green 5.974e+24 -21592612190.452747 -133827880965.2735 30876.775944497072 -5021.086962178391
21771000.0 star red 1.98892e+30 467348.5352537548 2351814.8532782476 -0.09397541977056266 0.09367569777240306
21771000.0 planet green 5.974e+24 -5994049001.824589 -135083255263.16888 31287.176412800036 -1427.3901596062683
22171000.0 star red 1.98892e+30 429708.0753905632 2386666.7183271977 -0.0940586907454154 0.08494314075727925
22171000.0 planet green 5.974e+24 6537565231.703886 -134782464408.32416 31314.89976521117 1479.9344635139275
22571000.0 star red 1.98892e+30 392278.1741201373 2418021.5021852036 -0.09332841513479657 0.07620491283476044
22571000.0 planet green 5.974e+24 18999078327.58191 -133317392548.74336 31071.769573133497 4389.147098206955
22971000.0 star red 1.98892e+30 355385.31303766463 2445899.6978448243 -0.09178177930800269 0.06753699101588913
22971000.0 planet green 5.974e+24 31281794977.08835 -130694862403.33545 30556.849096296057 7274.9527667689745
23371000.0 star red 1.98892e+30 319354.9788723822 2470352.4179527666 -0.08942305318691496 0.0590160481454922
23371000.0 planet green 5.974e+24 43277351091.58675 -126931890872.88484 29771.5599170604 10111.82482799928
23771000.0 star red 1.98892e+30 284508.7912828271 2491461.4776654826 -0.08626371352116373 0.05071879917997325
23771000.0 planet green 5.974e+24 54878670043.816055 -122055716625.11362 28719.7229823423 12874.222620516848
24171000.0 star red 1.98892e+30 251161.59893026727 2509339.210464743 -0.0823225082818102 0.04272132947526094
24171000.0 planet green 5.974e+24 65980929470.306404 -116103738774.27771 27407.580042159 15536.815095424181
24571000.0 star red 1.98892e+30 219618.56806850975 2524128.0112470957 -0.07762545992876206 0.03509841014325174
24571000.0 planet green 5.974e+24 76482530565.31256 -109123364762.23157 25843.79473744783 18074.708754249044
24871000.0 star red 1.98892e+30 197321.84063524785 2533294.726569894 -0.07362637775748683 0.029670886802974743
24871000.0 planet green 5.974e+24 83905765772.30339 -103247233433.10852 24512.382867328524 19881.69062936517
25171000.0 star red 1.98892e+30 176322.7234560336 2540902.8854547455 -0.0692373316169597 0.024524766016134555
25171000.0 planet green 5.974e+24 90896988427.15488 -96852212905.6996 23051.1405422838 21594.985332304943
25671000.0 star red 1.98892e+30 144510.06965253458 2550372.3246209025 -0.061107838056635735 0.01665069436195609
25671000.0 planet green 5.974e+24 101488354915.74799 -85124867232.17311 20344.593449548684 24216.494973153392
25871000.0 star red 1.98892e+30 132990.33343342948 2553124.413354938 -0.057589592518359524 0.013770553345023633
25871000.0 planet green 5.974e+24 105323613329.0226 -80089118374.60657 19173.266212188737 25175.378480250365
26171000.0 star red 1.98892e+30 117091.8608080487 2556245.1133378046 -0.05204873716394762 0.00976287772776242
26171000.0 planet green 5.974e+24 110616681654.11003 -72200091024.40956 17328.55278207543 26509.651360846812
26371000.0 star red 1.98892e+30 107452.22243011555 2557704.8460273775 -0.048190294426081776 0.007309891395293134
26371000.0 planet green 5.974e+24 113826000295.32845 -66734078895.34124 16043.963908590975 27326.32253198421
26771000.0 star red 1.98892e+30 90584.43224260613 2559299.917722213 -0.040115122690058555 0.0029591645873829195
26771000.0 planet green 5.974e+24 119441782896.55731 -55361125094.753975 13355.502146084898 28774.80722612361
27171000.0 star red 1.98892e+30 77074.855229549 2559387.5469858535 -0.03162026630893715 -0.0006105567480875823
27171000.0 planet green 5.974e+24 123939517732.98343 -43486299449.46425 10527.31504304841 29963.27226772789
27671000.0 star red 1.98892e+30 65129.51862122802 2557874.741725456 -0.020524966960149986 -0.003909175907905006
27671000.0 planet green 5.974e+24 127916471011.6948 -28102642161.46469 6833.3641256078745 31061.479435344907
28071000.0 star red 1.98892e+30 59661.385593890394 2555784.0107626463 -0.011364099718983719 -0.005574005398233003
28071000.0 planet green 5.974e+24 129736973043.95665 -15502576438.908447 3783.442452809012 31615.75005300529
28471000.0 star red 1.98892e+30 57908.9987317274 2553295.3303375193 -0.002040819345806214 -0.006343145916614777
28471000.0 planet green 5.974e+24 130320394081.43459 -2770021656.326603 679.448679822705 31871.8195139728
28971000.0 star red 1.98892e+30 60999.704408821235 2550180.3393127015 0.009708732420293527 -0.006016676424167836
28971000.0 planet green 5.974e+24 129291407416.67303 13147050313.723715 -3232.3220765601363 31763.1282346093
29371000.0 star red 1.98892e+30 67695.72934334303 2548135.6379810823 0.01907523334201195 -0.004713398471575663
29371000.0 planet green 5.974e+24 127062104116.91255 25731791420.600807 -6350.70523913533 31329.228739217662
29771000.0 star red 1.98892e+30 78102.64237908392 2546890.409219922 0.028313095439583123 -0.002483400451181516
29771000.0 planet green 5.974e+24 123597337214.49445 38050364635.80784 -9426.260760243675 30586.796924232338
30171000.0 star red 1.98892e+30 92141.29842267821 2546812.8644380895 0.037329993616004725 0.0006641108917758901
30171000.0 planet green 5.974e+24 118923456434.74461 49980181570.438385 -12428.250904376326 29538.897985458512
30471000.0 star red 1.98892e+30 104985.19251164097 2547738.973108927 0.0438922016905639 0.0036161353010559687
30471000.0 planet green 5.974e+24 114647346988.57455 58599852802.845245 -14613.002642516973 28556.08238651219
30971000.0 star red 1.98892e+30 130613.10046899163 2551597.757691484 0.05433345163178278 0.009628721952887833
30971000.0 planet green 5.974e+24 106115063979.7808 72195150119.22636 -18089.201308919557 26554.315757191565
31371000.0 star red 1.98892e+30 154705.2093459739 2557149.5521528646 0.06213996215854762 0.015381087994093375
31371000.0 planet green 5.974e+24 98094093576.76648 82250794739.22482 -20688.217866819312 24639.184209371928
31771000.0 star red 1.98892e+30 181748.8008350171 2565240.3173364443 0.06936729241432552 0.02192157567347609
31771000.0 planet green 5.974e+24 89090487955.00758 91461141460.1949 -23094.408307449 22461.663828508546
32171000.0 star red 1.98892e+30 211487.43678104988 2576168.993433784 0.07593334917065439 0.02919489361202748
32171000.0 planet green 5.974e+24 79189622905.49577 99726664315.31352 -25280.441384750247 20040.162738059327
32471000.0 star red 1.98892e+30 235388.00466390103 2586393.84509228 0.08037728185259144 0.03509258482165189
32471000.0 planet green 5.974e+24 71232422123.17902 105250510990.80489 -26759.957050930065 18076.648174844366
32871000.0 star red 1.98892e+30 269132.7300212326 2602931.802483562 0.08560383974025802 0.04348914296352776
32871000.0 planet green 5.974e+24 59997812287.607544 111648539411.5164 -28500.03162641346 15281.187441744305
33271000.0 star red 1.98892e+30 304712.3612502328 2622991.980649013 0.08997146633147705 0.052422453986214014
33271000.0 planet green 5.974e+24 48152308413.48921 116873917122.12425 -29954.142754603512 12307.025915255997
33671000.0 star red 1.98892e+30 341765.41048083553 2646763.5280963583 0.09342126660229241 0.0618065952548901
33671000.0 planet green 5.974e+24 35816260426.256134 120863671030.89993 -31102.682552834194 9182.76976324809
34071000.0 star red 1.98892e+30 379909.3030449019 2674399.155091981 0.09590267106713692 0.07154882108029464
34071000.0 planet green 5.974e+24 23117038665.539204 123566959406.50514 -31928.814954611644 5939.296748741296
34471000.0 star red 1.98892e+30 418743.9551278641 2706012.6303245733 0.09737425467137005 0.08155032622777786
34471000.0 planet green 5.974e+24 10187842779.893879 124945905312.16168 -32418.748342983145 2609.502035327785
34871000.0 star red 1.98892e+30 457855.66056323046 2741676.6130386097 0.09780449303993027 0.09170710932507455
34871000.0 planet green 5.974e+24 -2833592301.209061 124976318352.06766 -32561.987327917326 -771.9892666265723
35271000.0 star red 1.98892e+30 496821.2580559888 2781420.8595016664 0.09717244388102936 0.10191093236804363
35271000.0 planet green 5.974e+24 -15806383758.406422 123648291791.0865 -32351.559605600425 -4169.141547614535
35671000.0 star red 1.98892e+30 535212.5452221034 2825230.840709106 0.09546834129962163 0.11205037104736673
35671000.0 planet green 5.974e+24 -28587970445.789833 120966662761.44127 -31784.213822839552 -7544.858383583617
36071000.0 star red 1.98892e+30 572600.9009668129 2873046.8056549835 0.09269409090684017 0.12201194906588052
36071000.0 planet green 5.974e+24 -41035651816.35691 116951324127.33452 -30860.584413530727 -10861.36018348024
36471000.0 star red 1.98892e+30 608562.0729707686 2924763.321284273 0.08886365393920669 0.13168134800619516
36471000.0 planet green 5.974e+24 -53008181816.70968 111637377648.35776 -29585.31948322179 -14080.586989702308
36871000.0 star red 1.98892e+30 642681.0824942258 2980229.316373397 0.08400330914346689 0.14094468266631768
36871000.0 planet green 5.974e+24 -64367401840.378006 105075119370.37639 -27967.16799826317 -17164.623074772757
37271000.0 star red 1.98892e+30 674557.1944359571 3039248.652059249 0.07815178195450856 0.1496898301361912
37271000.0 planet green 5.974e+24 -74979895406.3553 97329849679.66595 -26019.02279292956 -20076.139429941966
37671000.0 star red 1.98892e+30 703808.896690555 3101581.2365601663 0.07136023150604434 0.15780779927326816
37671000.0 planet green 5.974e+24 -84718645933.34137 88481502179.57152 -23757.916244894837 -22778.8497038146
38071000.0 star red 1.98892e+30 730078.8294336011 3166944.695828296 0.06369208727268796 0.1651941256865986
38071000.0 planet green 5.974e+24 -93464677843.50192 78624087481.28447 -21204.965888582956 -25237.974633510148
38471000.0 star red 1.98892e+30 753038.6021277716 3235016.6054795245 0.055222728648073795 0.17175027589503877
38471000.0 planet green 5.974e+24 -101108660285.231 67864950128.836845 -18385.267737316197 -27420.70953015742
38871000.0 star red 1.98892e+30 772393.433881547 3305437.282418535 0.04603900251070526 0.1773850430261353
38871000.0 planet green 5.974e+24 -107552452044.80899 56323839185.158035 -15327.735666821553 -29296.688948031635
39271000.0 star red 1.98892e+30 787886.5513985478 3377813.127182575 0.03623857580432212 0.18201591530839129
39271000.0 planet green 5.974e+24 -112710565752.86275 44131795467.70008 -12064.885870226382 -30838.44229580943
39671000.0 star red 1.98892e+30 799303.2782150455 3451720.5002542385 0.025929122342673857 0.18557039772035377
39671000.0 planet green 5.974e+24 -116511529311.59532 31429861010.101616 -8632.566121491622 -32021.83385235453
40071000.0 star red 1.98892e+30 806474.7493111674 3526710.107541911 0.015227345412489058 0.187987266532303
40071000.0 planet green 5.974e+24 -118899122597.91916 18367619006.98853 -5069.630371243355 -32826.48044048009
40371000.0 star red 1.98892e+30 808993.4225752739 3583380.377260648 0.007018241081839396 0.1890235134175204
40371000.0 planet green 5.974e+24 -119737662877.20383 8428422346.628479 -2336.578515649829 -33171.47745336035
40871000.0 star red 1.98892e+30 807654.6728956128 3678040.1801992613 -0.006848196842953115 0.18922651760826906
40871000.0 planet green 5.974e+24 -119291953802.40112 -8206605316.6901455 2279.9657959300703 -33239.06350877779
41171000.0 star red 1.98892e+30 803515.25489301 3734621.66467391 -0.015185444058224336 0.1884182554577471
41171000.0 planet green 5.974e+24 -117913820013.69394 -18116242762.508408 5055.680180161277 -32969.96930783769
41671000.0 star red 1.98892e+30 791103.101373231 3827891.1117043463 -0.028920818401869545 0.18551077508622985
41671000.0 planet green 5.974e+24 -113781449679.15112 -34288380122.36357 9628.589577476783 -32001.98372690061
41971000.0 star red 1.98892e+30 780410.7309704323 3882890.9580001784 -0.036968565779322934 0.18283567015456742
41971000.0 planet green 5.974e+24 -110221645638.05061 -43671443780.66735 12307.920965820369 -31111.36275256482
42271000.0 star red 1.98892e+30 767357.3116825672 3936916.373968552 -0.04479788991279468 0.1794741141913217
42271000.0 planet green 5.974e+24 -105875779101.38835 -52730090973.13776 14914.532843213174 -29992.202075226578
42671000.0 star red 1.98892e+30 746421.5912434387 4007085.8622522126 -0.05479433752315319 0.17395174777604938
42671000.0 planet green 5.974e+24 -98905663082.67532 -64187573838.410225 18242.643754025736 -28153.64415579849
43071000.0 star red 1.98892e+30 721672.8698681545 4074702.2329316656 -0.06415794834331393 0.1672883352228972
43071000.0 planet green 5.974e+24 -90666087100.46404 -74795048892.2732 21360.06471693737 -25935.198475313828
43471000.0 star red 1.98892e+30 693404.6745859821 4139328.8405842735 -0.07275466602650796 0.15955148637609537
43471000.0 planet green 5.974e+24 -81254774920.91629 -84407144053.3754 24222.164438138956 -23359.374335979857
43771000.0 star red 1.98892e+30 670099.6943717452 4185591.902078278 -0.07862195260417454 0.15309418162737448
43771000.0 planet green 5.974e+24 -73495862760.27017 -90881475534.23508 26175.556406678064 -21209.54799503141
44271000.0 star red 1.98892e+30 627739.2670211374 4258031.9343267605 -0.08714614355804041 0.14120794576062753
44271000.0 planet green 5.974e+24 -59392832769.28077 -100118889149.84453 29013.509850260747 -17252.27108842105
44571000.0 star red 1.98892e+30 600509.3668081198 4298471.207725118 -0.09143236447061757 0.13347895861266026
44571000.0 planet green 5.974e+24 -50327199503.18182 -104654310583.96925 30440.51863791441 -14679.064339453013
44971000.0 star red 1.98892e+30 562498.9333288847 4348614.287044871 -0.09609477482613228 0.1225865159239101
44971000.0 planet green 5.974e+24 -37672410190.239044 -109444413918.52617 31992.771936255605 -11052.650360124426
45371000.0 star red 1.98892e+30 523005.26817247545 4394232.5832012845 -0.09947659531625308 0.11114964402716412
45371000.0 planet green 5.974e+24 -24523809503.448723 -112728084087.82877 33118.67926956847 -7244.97991270628
45771000.0 star red 1.98892e+30 482562.1815842403 4435152.597167689 -0.10150759889295945 0.09931702161580981
45771000.0 planet green 5.974e+24 -11059118546.456312 -114447558171.87018 33794.859991661346 -3305.5524995173237
46171000.0 star red 1.98892e+30 441726.53682523663 4471263.27270224 -0.10213450479871376 0.08724704754319093
46171000.0 planet green 5.974e+24 2536266551.313624 -114565862287.06573 34003.57537399695 712.8962504848702
46471000.0 star red 1.98892e+30 411186.33007874776 4495160.362750951 -0.10166149708232117 0.07813857550356945
46471000.0 planet green 5.974e+24 12703998054.866783 -113593905196.28595 33846.097217437265 3745.3740223368864
46771000.0 star red 1.98892e+30 380992.29000200884 4516331.350427908 -0.10037103942493578 0.06906236045083411
46771000.0 planet green 5.974e+24 22756480510.412094 -111714348586.05072 33416.46597473105 6767.112496171235
47071000.0 star red 1.98892e+30 351390.0881316971 4534804.3092920035 -0.09826196555934025 0.06009208001027154
47071000.0 planet green 5.974e+24 32611922650.33517 -108936538968.37021 32714.293361279382 9753.582227313473
47371000.0 star red 1.98892e+30 322624.09636441583 4550629.6161389 -0.09533972257620038 0.05130216094088146
47371000.0 planet green 5.974e+24 42188965895.36045 -105277248257.6118 31741.392873494562 12680.004362481082
47871000.0 star red 1.98892e+30 277191.3542477925 4571329.169654956 -0.08869853863601476 0.03725552011382332
47871000.0 planet green 5.974e+24 57314859676.84596 -97288737373.641 29530.34775091103 17356.543511083775
48271000.0 star red 1.98892e+30 243724.93045675172 4583058.348519081 -0.0818504185986292 0.026757701998498595
48271000.0 planet green 5.974e+24 68456814749.90869 -89289725392.79668 27250.40752580943 20851.575383519605
48871000.0 star red 1.98892e+30 199542.38875881725 4593360.500616892 -0.06919902702719544 0.01264030493705891
48871000.0 planet green 5.974e+24 83166480105.42523 -74863614303.13814 23038.387819706983 25551.671359990745
49171000.0 star red 1.98892e+30 180595.14750371492 4595593.696974061 -0.06189479676316357 0.0064616735188950825
49171000.0 planet green 5.974e+24 89474573020.90868 -66679110938.34096 20606.59510850205 27608.71916719101
49571000.0 star red 1.98892e+30 158998.09427902283 4595983.693710286 -0.051257591991542055 -0.0007223078640778841
49571000.0 planet green 5.974e+24 96664866141.03835 -54904952302.353584 17065.157325714394 30000.477495316656
50071000.0 star red 1.98892e+30 138407.07340240723 4593050.555765958 -0.03672171188158613 -0.007819755123122312
50071000.0 planet green 5.974e+24 103520221554.81776 -39048424562.107124 12225.736055494519 32363.426072895938
50471000.0 star red 1.98892e+30 127425.85583473853 4588666.23918859 -0.02430079126776129 -0.011848776118910208
50471000.0 planet green 5.974e+24 107176191297.8187 -25684756847.50087 8090.446897937022 33704.80545671623
50871000.0 star red 1.98892e+30 121571.33283444449 4583138.854874905 -0.011371871784883775 -0.014307125201478374
50871000.0 planet green 5.974e+24 109125333896.70467 -11940528322.363073 3786.030001739374 34523.26204481491
51271000.0 star red 1.98892e+30 120988.2071707315 4577119.5327158505 0.001868695771489003 -0.01512099058516895
51271000.0 planet green 5.974e+24 109319473551.05217 1967480755.0699525 -622.1436882875662 34794.22172659092
51671000.0 star red 1.98892e+30 125739.02710894069 4571281.787265355 0.015212788426571311 -0.014240576719587063
51671000.0 planet green 5.974e+24 107737786106.8769 15815037615.0298 -5064.783923230033 34501.10610129243
51971000.0 star red 1.98892e+30 132791.73418557335 4567434.975606074 0.02515845402689259 -0.01245303133374053
51971000.0 planet green 5.974e+24 105389732849.61943 26023754160.958344 -8375.988011912825 33905.97975900621
52371000.0 star red 1.98892e+30 146767.1605269734 4563566.167552902 0.038157701053215254 -0.008566821382599038
52371000.0 planet green 5.974e+24 100736903094.18967 39215793952.23935 -12703.819012179596 32612.146364961292
52771000.0 star red 1.98892e+30 165797.68853889022 4561760.8789423015 0.05065145430925787 -0.0029879935494700263
52771000.0 planet green 5.974e+24 94401081572.01665 51720827534.99731 -16863.35629473873 30754.790781789725
53271000.0 star red 1.98892e+30 196275.22050945563 4563411.058617823 0.06521567766332798 0.00627918270822993
53271000.0 planet green 5.974e+24 84254216341.5351 66051434270.81257 -21712.213863097804 27669.475716094283
53671000.0 star red 1.98892e+30 225558.59976352705 4568618.850670751 0.07575687818838614 0.015419424627834084
53671000.0 planet green 5.974e+24 74504919611.36977 76221607392.68901 -25221.689013465846 24626.420818414488
54071000.0 star red 1.98892e+30 258700.4078875632 4577908.093875909 0.08508334058631399 0.025963140746725618
54071000.0 planet green 5.974e+24 63471038624.75143 85032945592.28677 -28326.742175917578 21116.108153000067
54571000.0 star red 1.98892e+30 304715.7732855876 4596039.567936738 0.09473567657350991 0.04088108403780376
54571000.0 planet green 5.974e+24 48151172446.74025 93876445527.16066 -31540.288224068518 16149.486832194725
54971000.0 star red 1.98892e+30 344434.32251483767 4616293.316822967 0.1006383599243501 0.05398103012887669
54971000.0 planet green 5.974e+24 34927701249.37834 99037377861.47649 -33505.46481766628 11788.130156691414
55271000.0 star red 1.98892e+30 375464.9803002754 4635070.180039796 0.10390327795865936 0.06434726814383432
55271000.0 planet green 5.974e+24 24596684195.04075 101714008797.32895 -34592.451891117635 8336.90516293354
55771000.0 star red 1.98892e+30 428613.1388126039 4673518.434788746 0.1069744878221336 0.08235927775512643
55771000.0 planet green 5.974e+24 6902101766.460177 103793455929.01952 -35614.94782711717 2340.1783206015834
56171000.0 star red 1.98892e+30 471531.63995434775 4710891.088023881 0.10719164208616278 0.09714046822641643
56171000.0 planet green 5.974e+24 -7386727374.958843 103255002384.92404 -35687.24485738382 -2580.9139713565833
56571000.0 star red 1.98892e+30 513921.35629426065 4754194.864438363 0.10535249272367189 0.11195435646415762
56571000.0 planet green 5.974e+24 -21499508530.42915 100741903793.31192 -35074.938036150925 -7512.892309791164
56971000.0 star red 1.98892e+30 554952.4144001292 4803356.712622313 0.1014366108690014 0.12651279681521813
56971000.0 planet green 5.974e+24 -35159952468.8162 96278481113.36198 -33771.22599423743 -12359.824546656117
57471000.0 star red 1.98892e+30 603073.9721418396 4872745.0894167395 0.09365574973431538 0.1439011075649616
57471000.0 planet green 5.974e+24 -51181031917.03225 88057053196.72838 -31180.748872041295 -18148.903725829172
57871000.0 star red 1.98892e+30 638061.0602334974 4934209.205370543 0.08520486986621961 0.15680193779866977
57871000.0 planet green 5.974e+24 -62829260783.32955 79497844374.69331 -28367.202841366194 -22443.968886262195
58171000.0 star red 1.98892e+30 661754.1676485087 4983489.996975742 0.0776413171223147 0.16569673408541802
58171000.0 planet green 5.974e+24 -70717391884.74643 72018821937.56339 -25849.074062757667 -25405.307726342427
58671000.0 star red 1.98892e+30 695516.6594922037 5070983.5921127815 0.06289941877612382 0.17868428855479448
58671000.0 planet green 5.974e+24 -81957916705.26236 57769635255.279945 -20941.063272883883 -29729.245931101756
59071000.0 star red 1.98892e+30 716672.7419215846 5145048.747809248 0.049410742459736846 0.18712716603394502
59071000.0 planet green 5.974e+24 -89001397700.48239 45015170329.29788 -16450.28689203548 -32540.127731542343
59471000.0 star red 1.98892e+30 732052.2111661413 5221902.101180413 0.03467934153288627 0.19358408754078166
59471000.0 planet green 5.974e+24 -94121674561.8623 31332432534.356705 -11545.771001270226 -34689.82648001531
59871000.0 star red 1.98892e+30 741242.3819394921 5300687.836082435 0.018990427581520978 0.197854045077055
59871000.0 planet green 5.974e+24 -97181352240.89357 17006348191.984505 -6322.470911523078 -36111.42071219556
60271000.0 star red 1.98892e+30 743955.26294596 5380481.373902281 0.002664104005334524 0.1997755104340157
60271000.0 planet green 5.974e+24 -98084549979.65897 2344736668.6087947 -886.9584429678798 -36751.132944831355
60671000.0 star red 1.98892e+30 740040.0160246991 5460307.063188956 -0.013949745143062492 0.19923271100760556
60671000.0 planet green 5.974e+24 -96781049325.71954 -12327579022.059616 4644.279730488731 -36570.41907888297
60971000.0 star red 1.98892e+30 732745.9416401164 5519592.396700351 -0.026374868603911847 0.19716766735045754
60971000.0 planet green 5.974e+24 -94352637804.96558 -23137407198.739166 8780.968139218643 -35882.905414575165
61371000.0 star red 1.98892e+30 717315.5259496799 5597045.733022452 -0.04258328691032272 0.1921913928581875
61371000.0 planet green 5.974e+24 -89215399375.93597 -37019896933.88371 14177.226481700514 -34226.157529880526
61771000.0 star red 1.98892e+30 695621.3075419002 5671755.519408458 -0.058018300194731975 0.18471204633425026
61771000.0 planet green 5.974e+24 -81992757113.53201 -49988978343.13276 19315.99558475161 -31736.06347424121
62171000.0 star red 1.98892e+30 668091.9834321078 5742748.389449015 -0.07228251511871082 0.17482913380384393
62171000.0 planet green 5.974e+24 -72827436840.94281 -61720589170.22788 24064.97153831706 -28445.751724998536
62571000.0 star red 1.98892e+30 635312.892661626 5809110.031942184 -0.08498731224671995 0.16270644707963305
62571000.0 planet green 5.974e+24 -61914315110.90819 -71910328371.35193 28294.77152222062 -24409.753385608266
62971000.0 star red 1.98892e+30 598019.4005408753 5870011.038103722 -0.09576325280990189 0.14857234327998964
62971000.0 planet green 5.974e+24 -49498216626.006386 -80282061410.32176 31882.398523379612 -19704.095245469867
63371000.0 star red 1.98892e+30 557085.9945681349 5924732.3725184975 -0.10427088050051997 0.13271838275752892
63371000.0 planet green 5.974e+24 -35870283949.85927 -86596400286.15625 34714.83757032037 -14425.846306344889
63671000.0 star red 1.98892e+30 524593.6774623904 5961360.77527309 -0.10898159596852208 0.11990865667275984
63671000.0 planet green 5.974e+24 -25052637592.65185 -89863070993.66621 36283.17305887389 -10161.112391962739
64171000.0 star red 1.98892e+30 468396.9770731902 6013456.337078984 -0.11333888600442087 0.09731250294778669
64171000.0 planet green 5.974e+24 -6343106066.35659 -92327213073.84349 37733.84284431075 -2638.189381136898
64571000.0 star red 1.98892e+30 422926.81112024456 6046782.547485093 -0.11346794594019298 0.07862217243277761
64571000.0 planet green 5.974e+24 8795247209.025463 -91518486994.31871 37776.81068620158 3584.3704059256806
65071000.0 star red 1.98892e+30 367472.9298431686 6077912.349946931 -0.10924896977748504 0.05530256344559156
65071000.0 planet green 5.974e+24 27257472443.307644 -87002512222.37361 36372.18965012306 11348.152914595596
65571000.0 star red 1.98892e+30 315844.7476409021 6097692.970508603 -0.10013384752840873 0.03299015927925337
65571000.0 planet green 5.974e+24 44446010130.909195 -78708061577.49936 33337.49782828964 18776.607366305227
65971000.0 star red 1.98892e+30 278911.2168465208 6105914.605165557 -0.08942704448277126 0.016574383983570664
65971000.0 planet green 5.974e+24 56742266921.595634 -69541285146.61667 29772.888736637604 24241.900938633524
66271000.0 star red 1.98892e+30 254524.1573408202 6108080.55377049 -0.07952596017960449 0.005451588083218705
66271000.0 planet green 5.974e+24 64861435048.8266 -61334393030.66798 26476.527070709508 27945.0062654042
66771000.0 star red 1.98892e+30 221508.15391043588 6105176.467791555 -0.05981938036178429 -0.010177766691380508
66771000.0 planet green 5.974e+24 75853431959.23166 -45487537542.68325 19915.62805309 33148.477356514995
67171000.0 star red 1.98892e+30 202985.73137655226 6098204.639879217 -0.04160145141446838 -0.019527918390040516
67171000.0 planet green 5.974e+24 82020090249.50478 -31262411333.876987 13850.3446178882 36261.417382711654
67571000.0 star red 1.98892e+30 192266.0766441359 6088457.896521365 -0.021719757560984796 -0.025621313255219047
67571000.0 planet green 5.974e+24 85588978045.01825 -16113434300.18113 7231.144996349772 38290.087438829985
67971000.0 star red 1.98892e+30 189846.7545885145 6077343.184974063 -0.0007425715872489665 -0.028119399750042764
67971000.0 planet green 5.974e+24 86394441389.99086 -509020491.90180635 247.22388371457532 39121.773778181305
68371000.0 star red 1.98892e+30 195975.0170096275 6066375.01511704 0.02068643570680593 -0.026778347585271433
68371000.0 planet green 5.974e+24 84354162900.77087 15046605285.137108 -6887.121812182924 38675.298138483115
68771000.0 star red 1.98892e+30 210621.78763556696 6057132.341246239 0.041862408558397506 -0.02146635315811617
68771000.0 planet green 5.974e+24 79477822921.97215 30027762786.830097 -13937.224912950838 36906.77923053908
69171000.0 star red 1.98892e+30 233462.49215955051 6051208.974837185 0.06203739284671803 -0.012179356076281561
69171000.0 planet green 5.974e+24 71873481770.0067 43903825377.7737 -20654.06953141861 33814.865230538664
69571000.0 star red 1.98892e+30 263866.2906907416 6050158.400397215 0.08044231026147136 0.0009456310217154222
69571000.0 planet green 5.974e+24 61751164566.34805 56157592454.2962 -26781.606917516896 29445.17166861229
69971000.0 star red 1.98892e+30 300895.23573558446 6055434.2114904225 0.09631269773238266 0.01762046240726269
69971000.0 planet green 5.974e+24 49423141570.26688 66305120040.58641 -32065.32487008551 23893.63071793558
70271000.0 star red 1.98892e+30 332282.6176502476 6064327.473911622 0.10611051498229357 0.032194361116201706
70271000.0 planet green 5.974e+24 38973360579.68903 72272291869.38243 -35327.30590200597 19041.551939866782
70671000.0 star red 1.98892e+30 377769.16591888404 6083648.532706934 0.11582580962443831 0.05391542878912992
70671000.0 planet green 5.974e+24 23829553150.419434 77743744119.26958 -38561.812734890904 11809.970768785364
71171000.0 star red 1.98892e+30 438056.65009215096 6120944.977562909 0.12177474267822411 0.08371067703303914
71171000.0 planet green 5.974e+24 3758079594.6956124 80206662582.1176 -40542.38721251655 1890.2578231415896
71571000.0 star red 1.98892e+30 486703.207528851 6161882.620170044 0.12103387056807163 0.10859351113114259
71571000.0 planet green 5.974e+24 -12437787666.26886 78481319405.99052 -40295.72913462495 -6393.968222121195
71871000.0 star red 1.98892e+30 522091.90703418246 6199122.002531508 0.11708604310631465 0.12721099875990238
71871000.0 planet green 5.974e+24 -24219724763.715122 75011235648.64824 -38981.38146217137 -12592.276473643278
72271000.0 star red 1.98892e+30 566134.2834941132 6257220.974327499 0.10723519172637357 0.1510991744415683
72271000.0 planet green 5.974e+24 -38882724996.17005 67572382119.27387 -35701.743811251974 -20545.35152834348
72671000.0 star red 1.98892e+30 604693.4181907945 6324276.15383124 0.09226673519516491 0.17286994290923144
72671000.0 planet green 5.974e+24 -51720193054.57706 57151744084.69384 -30718.305149710042 -27793.479553235436
73071000.0 star red 1.98892e+30 635826.3073843223 6399093.8053779835 0.07255486236657185 0.19136866132416225
73071000.0 planet green 5.974e+24 -62085245946.23951 44146751196.453094 -24155.643933398467 -33952.24604634293
73471000.0 star red 1.98892e+30 657820.1570086484 6480028.852931904 0.048743456775047114 0.20548190736755675
73471000.0 planet green 5.974e+24 -69407644237.97284 29105097567.236237 -16228.127895719292 -38650.96002703061
73871000.0 star red 1.98892e+30 669302.4376702735 6565020.015172379 0.021752062158786598 0.21420038912426775
73871000.0 planet green 5.974e+24 -73230432596.44612 12713044269.056383 -7241.900145439269 -41553.598583367675
74271000.0 star red 1.98892e+30 669349.2667549204 6651652.039485246 -0.007231978862874337 0.21668808361507502
74271000.0 planet green 5.974e+24 -73246023373.65337 -4225300189.655772 2407.7380984177557 -42381.82511946684
74671000.0 star red 1.98892e+30 657585.7488988352 6737246.785210902 -0.03677798887053034 0.21235504089217766
74671000.0 planet green 5.974e+24 -69329602895.86215 -20818304151.60295 12244.47231743804 -40939.227976442904
75071000.0 star red 1.98892e+30 634270.8712054057 6818983.60567598 -0.06525552396068751 0.20093036506918407
75071000.0 planet green 5.974e+24 -61567395573.79726 -36126891523.44853 21725.479865398436 -37135.61796006052
75471000.0 star red 1.98892e+30 600358.6943920586 6894047.791883192 -0.09089903668776542 0.18253090994664334
75471000.0 planet green 5.974e+24 -50277036232.049324 -49213963038.555145 30262.958160199203 -31009.899131415772
75871000.0 star red 1.98892e+30 557527.0101631322 6959803.7607425125 -0.11189484346901997 0.1577202446878898
75871000.0 planet green 5.974e+24 -36017110989.90066 -59202055704.051865 37253.07868637476 -22749.70021169028
76271000.0 star red 1.98892e+30 508164.46543169743 7013987.206787441 -0.1264905259209662 0.12755149710380861
76271000.0 planet green 5.974e+24 -19582870536.729412 -65337315748.85931 42112.40991207361 -12705.638369552558
76571000.0 star red 1.98892e+30 468661.9829664842 7045986.063581706 -0.13228709170273084 0.10232940330149135
76571000.0 planet green 5.974e+24 -6431334308.957111 -67062674680.10302 44042.25685125461 -4308.462807901262
77071000.0 star red 1.98892e+30 402519.6042320809 7081649.400909976 -0.13057955361704884 0.05788541747747905
77071000.0 planet green 5.974e+24 15589405549.166302 -64056046772.326675 43473.7672882525 10488.244973333174
77471000.0 star red 1.98892e+30 353706.8645034937 7094256.55684493 -0.11813440765955531 0.022951718659948744
77471000.0 planet green 5.974e+24 31840599774.305504 -56349339136.261955 39330.41280251798 22118.698982734306
77771000.0 star red 1.98892e+30 322116.29161651246 7095084.990370544 -0.10224412450751912 -0.0010398613512040003
77771000.0 planet green 5.974e+24 42358029005.369225 -47697148980.21316 34040.0709935545 30106.20037472994
78171000.0 star red 1.98892e+30 289760.2386929753 7086452.499236175 -0.07284582995740198 -0.02765541537025375
78171000.0 planet green 5.974e+24 53130309015.52681 -32919139226.786896 24252.515587357822 38967.29975530718
78471000.0 star red 1.98892e+30 274665.1526028903 7074463.265855566 -0.04545021351176114 -0.04192424588690733
78471000.0 planet green 5.974e+24 58155906375.13375 -19999571423.746788 15131.71052189683 43717.81237519044
78871000.0 star red 1.98892e+30 268860.0256220488 7054559.49996139 -0.003710117363082176 -0.0510843839736304
78871000.0 planet green 5.974e+24 60088603588.84904 -1469023371.8146915 1235.2070013024959 46767.491291066784
79271000.0 star red 1.98892e+30 280724.3127833908 7034951.254233076 0.04087170193452051 -0.04683902849191806
79271000.0 planet green 5.974e+24 56138634050.69431 16963137340.264246 -13607.389590158491 45354.087805180054
79671000.0 star red 1.98892e+30 310114.50726711436 7021470.723484741 0.08392552784623845 -0.027740079171006418
79671000.0 planet green 5.974e+24 46353775394.422554 33355201822.3498 -27941.272320713233 38995.48682035454
79971000.0 star red 1.98892e+30 342443.0775697669 7019010.303505748 0.11208599260400236 -0.0035620254878077004
79971000.0 planet green 5.974e+24 35590645155.66262 43102347872.6708 -37316.71784565662 30945.902867962915
80371000.0 star red 1.98892e+30 395949.25806029345 7030438.246623369 0.13953586777855978 0.04057676992602903
80371000.0 planet green 5.974e+24 17776866698.813255 51201650077.976814 -46455.58723504074 16250.801934838017
80771000.0 star red 1.98892e+30 455569.70315770473 7062735.375223218 0.15018984558835333 0.09492553384743171
80771000.0 planet green 5.974e+24 -2072529963.9158134 52352987705.22639 -50002.609254701696 -1843.4972848734333
81171000.0 star red 1.98892e+30 513057.54873614357 7118209.187746303 0.13909094441455513 0.15326955610398224
81171000.0 planet green 5.974e+24 -21211921632.457584 45788126773.95545 -46307.459183963394 -21267.9353073874
81571000.0 star red 1.98892e+30 558744.3734957997 7195827.975687506 0.10330425118892875 0.20654934407811545
81571000.0 planet green 5.974e+24 -36422406985.818054 31850553337.0594 -34393.0182917115 -39006.341048517796
81871000.0 star red 1.98892e+30 579325.4988688971 7265490.22926153 0.06052717366200906 0.23626676518944403
81871000.0 planet green 5.974e+24 -43274467895.938736 17585943799.321014 -20151.27322394433 -48900.1430566771
82271000.0 star red 1.98892e+30 581884.8442931855 7365685.527004284 -0.013210241936259377 0.25178437734241355
82271000.0 planet green 5.974e+24 -44126549131.505516 -3868012609.537401 4398.077400713866 -54066.41174822116
82671000.0 star red 1.98892e+30 552272.56583487 7460749.299835659 -0.0940892618648761 0.22833627827728628
82671000.0 planet green 5.974e+24 -34267752199.581734 -23613533710.93951 31325.07778846485 -46259.85112006364
82971000.0 star red 1.98892e+30 510655.5578221612 7517796.811470697 -0.14636165671782175 0.1801174750056499
82971000.0 planet green 5.974e+24 -20412228333.388798 -33678325281.271217 48728.092781923275 -30206.395779751787
83271000.0 star red 1.98892e+30 458501.2945149124 7553891.526808014 -0.17669539806524506 0.10628872191910087
83271000.0 planet green 5.974e+24 -3048542799.9015045 -36767315778.2074 58827.08589218728 -5626.636223524962
83471000.0 star red 1.98892e+30 422936.05503369187 7563255.478331145 -0.1765902328082781 0.04645038637773831
83471000.0 planet green 5.974e+24 8792169638.831192 -33932850171.141033 58792.07329043188 14295.302565381433
83771000.0 star red 1.98892e+30 379578.89589002705 7553938.16099715 -0.13288754545938364 -0.04590794803490139
83771000.0 planet green 5.974e+24 23227040908.33535 -21902841668.97679 44242.165536504326 45044.1037839933
83971000.0 star red 1.98892e+30 365503.4784594391 7534746.307566172 -0.06850486765702449 -0.09475317297232692
83971000.0 planet green 5.974e+24 27913160633.150352 -9561310178.193325 22807.281784467476 61306.113288938795
84071000.0 star red 1.98892e+30 365150.6695982538 7523043.507426435 -0.025187014960243573 -0.10960305858902193
84071000.0 planet green 5.974e+24 28030621061.705532 -2689104410.880706 8385.49678519036 66250.0762117304
84271000.0 star red 1.98892e+30 380914.00834940054 7501229.489177834 0.08011816829788228 -0.1056824459744732
84271000.0 planet green 5.974e+24 22782542770.95714 10525422735.92328 -26673.690540847743 64944.78916095567
84471000.0 star red 1.98892e+30 419451.20705484756 7494134.374576353 0.19188134011566832 -0.029767964986786653
84471000.0 planet green 5.974e+24 9952377848.085072 18839594703.311703 -63882.931868573054 39670.629548295896
84571000.0 star red 1.98892e+30 444798.4567659326 7502812.478715667 0.2329421114457898 0.04793137259982886
84571000.0 planet green 5.974e+24 1513534209.7570963 18926399041.315765 -77553.26821171085 13802.238769459047
84771000.0 star red 1.98892e+30 484242.20433876594 7560675.182032173 0.17942808084312428 0.29621788534533083
84771000.0 planet green 5.974e+24 -11618447447.85249 5614206225.737465 -59736.87622204673 -68859.63115517834
84871000.0 star red 1.98892e+30 469821.8599199337 7605913.615007346 -0.036326269177839904 0.4003288482829313
84871000.0 planet green 5.974e+24 -6817491401.400585 -6470996337.5336075 12094.08156899712 -103521.22747353326
